# t AFE1_1	AFE1_2	AFE1_3	AFE1_4	AFE2_1	AFE2_2	AFE2_3	AFE2_4	AFE3_1	AFE3_2	AFE3_3	AFE3_4	AFE4_1	AFE4_2	AFE4_3	AFE4_4	
651 1.9683839E-4 0.009402466 0.011219787 0.009072877 0.0 0.0 0.0 0.0 -0.004399109 -0.01131134 -0.009571838 -0.0041152956 0.0062438967 0.002989197 0.011595154 0.0020278932 
653 5.493164E-4 0.009745789 0.011540222 0.009397889 0.0 0.0 0.0 0.0 -0.004852295 -0.0118286135 -0.010121155 -0.004774475 0.0063583376 0.0031311037 0.01177826 0.0022109987 
655 6.1798096E-4 0.009846496 0.011531067 0.009292603 0.0 0.0 0.0 0.0 -0.0047927857 -0.011750794 -0.009997559 -0.0047470094 0.005708313 0.0024124146 0.0111373905 0.001689148 
657 4.2114258E-4 0.009736634 0.011499024 0.009242249 0.0 0.0 0.0 0.0 -0.0047882083 -0.01179657 -0.010125733 -0.004953003 0.006719971 0.0033737184 0.01212616 0.0025680542 
659 -0.0014144898 0.0079925535 0.010157776 0.008335876 0.0 0.0 0.0 0.0 -0.005726624 -0.012872315 -0.011329651 -0.006088257 0.0044815065 0.0012451172 0.010061646 5.767822E-4 
661 0.0019592287 0.010990906 0.012515259 0.010029602 0.0 0.0 0.0 0.0 -0.005282593 -0.012322999 -0.010629273 -0.0053100586 0.0054428102 0.0021652223 0.010848999 0.0012771607 
663 5.950928E-4 0.009718323 0.011485291 0.00929718 0.0 0.0 0.0 0.0 -0.0042846682 -0.011242676 -0.009402466 -0.0041290284 0.0054107667 0.0020828247 0.010784912 0.0012313843 
665 4.119873E-4 0.009663391 0.011503601 0.00929718 0.0 0.0 0.0 0.0 -0.0053146365 -0.012528992 -0.010835267 -0.00552063 0.0053512575 0.0021469116 0.0108535765 0.0013046265 
667 6.317139E-4 0.009883118 0.011576843 0.009443665 0.0 0.0 0.0 0.0 -0.005223084 -0.012345887 -0.010610962 -0.00526886 0.006193543 0.0029846192 0.011581421 0.0020736696 
669 7.8735355E-4 0.010098266 0.011709595 0.00953064 0.0 0.0 0.0 0.0 -0.0048706057 -0.01179657 -0.010144043 -0.0048294067 0.005255127 0.002078247 0.010830688 0.001387024 
671 5.950928E-4 0.009786988 0.011677551 0.009352112 0.0 0.0 0.0 0.0 -0.005168152 -0.012322999 -0.0105606085 -0.005319214 0.0059829713 0.002696228 0.011476136 0.001940918 
673 1.2817384E-4 0.009342956 0.011196899 0.008958436 0.0 0.0 0.0 0.0 -0.0044952394 -0.01156311 -0.009896851 -0.0046142577 0.0061065676 0.002774048 0.011412049 0.0018585206 
675 0.0022476197 0.011251831 0.012753297 0.0102355955 0.0 0.0 0.0 0.0 -0.0059509277 -0.0132019045 -0.0115448 -0.006385803 0.0049484256 0.0016479492 0.010446168 8.4228517E-4 
677 3.4332275E-4 0.009562683 0.011347962 0.009150696 0.0 0.0 0.0 0.0 -0.0044540404 -0.0114624025 -0.009663391 -0.0043029785 0.0056900023 0.0023529052 0.011054993 0.001437378 
679 2.6550292E-4 0.009443665 0.011343384 0.009159851 0.0 0.0 0.0 0.0 -0.005108643 -0.012162781 -0.010446168 -0.0050857547 0.0054428102 0.002156067 0.010903931 0.0013366699 
681 4.4403077E-4 0.009741211 0.0115356445 0.009324647 0.0 0.0 0.0 0.0 -0.0049621584 -0.012020875 -0.010221863 -0.0048339847 0.005104065 0.001940918 0.010670471 0.001222229 
683 7.2784425E-4 0.0098373415 0.011677551 0.009425354 0.0 0.0 0.0 0.0 -0.004893494 -0.011846924 -0.010139465 -0.0048843385 0.006793213 0.003492737 0.012181092 0.0025405884 
685 7.415772E-4 0.009970093 0.011727906 0.009535218 0.0 0.0 0.0 0.0 -0.0059463503 -0.0132339485 -0.0116088865 -0.0064498903 0.004911804 0.0016525269 0.010418701 9.979248E-4 
687 -4.7607423E-4 0.0088623045 0.0109588625 0.008953857 0.0 0.0 0.0 0.0 -0.0050857547 -0.012213135 -0.010423279 -0.005053711 0.0061431886 0.002961731 0.011558533 0.0019500733 
689 0.0019958497 0.01111908 0.012693787 0.010189819 0.0 0.0 0.0 0.0 -0.0049713138 -0.011965943 -0.0103408815 -0.005090332 0.0056259157 0.0023483278 0.011073303 0.0015701294 
691 4.0740968E-4 0.009677124 0.011480713 0.009251404 0.0 0.0 0.0 0.0 -0.0049346923 -0.012043763 -0.010322571 -0.0050582886 0.005612183 0.002407837 0.01105957 0.0015106201 
694 -6.408692E-5 0.009274292 0.0111373905 0.008935547 0.0 0.0 0.0 0.0 -0.00519104 -0.012318421 -0.010588074 -0.005296326 0.005749512 0.0024169923 0.01111908 0.0016159058 
696 7.18689E-4 0.009933472 0.011677551 0.009388733 0.0 0.0 0.0 0.0 -0.0049804687 -0.011929322 -0.0100891115 -0.004779053 0.004902649 0.0017211915 0.010423279 9.613037E-4 
698 8.560181E-4 0.009997559 0.011668396 0.009411621 0.0 0.0 0.0 0.0 -0.0045776367 -0.011517334 -0.009745789 -0.0044677737 0.006893921 0.0035659792 0.0121536255 0.002458191 
700 8.4228517E-4 0.009970093 0.011732483 0.009521484 0.0 0.0 0.0 0.0 -0.005067444 -0.012149048 -0.01055603 -0.0053100586 0.005003357 0.001789856 0.010533142 0.0010665894 
702 3.3416747E-4 0.009617615 0.011439514 0.009246826 0.0 0.0 0.0 0.0 -0.0053283693 -0.012382507 -0.010661316 -0.0053649903 0.005300903 0.0020965578 0.01086731 0.0012954712 
704 0.0027511597 0.011746217 0.0132019045 0.01071167 0.0 0.0 0.0 0.0 -0.0049713138 -0.0120071415 -0.010166931 -0.005012512 0.005882263 0.0026641847 0.011297608 0.0017166138 
706 5.3100585E-4 0.009750366 0.0115356445 0.009342956 0.0 0.0 0.0 0.0 -0.0050994875 -0.012117005 -0.010386658 -0.0051589967 0.005621338 0.0024490356 0.011164856 0.0015609742 
708 1.235962E-4 0.009283448 0.011123657 0.009017944 0.0 0.0 0.0 0.0 -0.00493927 -0.011965943 -0.010203552 -0.004911804 0.005671692 0.0024490356 0.011141968 0.0014831544 
710 -3.6621095E-5 0.009214783 0.011018372 0.0088623045 0.0 0.0 0.0 0.0 -0.0055389404 -0.0125839235 -0.010968017 -0.005671692 0.0061706547 0.0028884888 0.011480713 0.0018356324 
712 -6.408692E-5 0.009173584 0.010922241 0.0087158205 0.0 0.0 0.0 0.0 -0.0058959965 -0.013046265 -0.011407471 -0.0061843875 0.004774475 0.0015838624 0.010386658 8.1481936E-4 
714 3.5247803E-4 0.009521484 0.011320496 0.009072877 0.0 0.0 0.0 0.0 -0.0037719728 -0.010638428 -0.008811951 -0.0033920289 0.006349182 0.003025818 0.011604309 0.0020278932 
716 -9.7503664E-4 0.008459473 0.010597229 0.008688355 0.0 0.0 0.0 0.0 -0.005511475 -0.012744141 -0.011109925 -0.005978394 0.005433655 0.002078247 0.010894775 0.0012405396 
718 0.002810669 0.011938477 0.013352967 0.01086731 0.0 0.0 0.0 0.0 -0.0047882083 -0.011842347 -0.0100891115 -0.004714966 0.0057724 0.0024856569 0.011128235 0.0016479492 
720 0.001702881 0.010835267 0.01247406 0.010258484 0.0 0.0 0.0 0.0 -0.005259705 -0.012400818 -0.010729981 -0.0054840087 0.005964661 0.0025909424 0.011329651 0.0017669678 
722 5.218506E-4 0.009851075 0.011695862 0.00954895 0.0 0.0 0.0 0.0 -0.005131531 -0.012263489 -0.010491944 -0.005319214 0.0050628665 0.0018722535 0.010588074 0.0010482789 
724 1.5106202E-4 0.009397889 0.011251831 0.009205627 0.0 0.0 0.0 0.0 -0.004701233 -0.011810303 -0.01005249 -0.0047561647 0.007003784 0.0035614015 0.012135316 0.0025314332 
726 -4.6234133E-4 0.0088623045 0.010629273 0.008450317 0.0 0.0 0.0 0.0 -0.0046188356 -0.011700439 -0.010006714 -0.0047882083 0.0052139284 0.0019592287 0.010661316 0.0011535644 
728 -3.0670167E-4 0.008885193 0.010697938 0.008509827 0.0 0.0 0.0 0.0 -0.0056030275 -0.012721253 -0.010949708 -0.0056579593 0.0053375247 0.0020324707 0.010775757 0.0012176514 
730 -0.0013092041 0.008029175 0.010057068 0.008253479 0.0 0.0 0.0 0.0 -0.004563904 -0.011549378 -0.009855652 -0.004623413 0.0058410647 0.0025268556 0.011206055 0.0016067505 
732 0.0024261475 0.011457825 0.012867738 0.010414124 0.0 0.0 0.0 0.0 -0.005030823 -0.012158204 -0.010464477 -0.005126953 0.0055526732 0.0023620606 0.011091614 0.001524353 
734 0.0020965578 0.011247254 0.012776185 0.010487366 0.0 0.0 0.0 0.0 -0.005049133 -0.012144471 -0.010478211 -0.0051498413 0.0061706547 0.0029251098 0.01156311 0.0018676758 
736 0.0013320923 0.010551453 0.012263489 0.010180664 0.0 0.0 0.0 0.0 -0.0055435183 -0.012734986 -0.01102295 -0.0058410647 0.005255127 0.002005005 0.010716247 0.0012313843 
738 6.6833495E-4 0.009924317 0.011709595 0.009480285 0.0 0.0 0.0 0.0 -0.003657532 -0.010482788 -0.008706666 -0.003327942 0.0067016603 0.0033050538 0.011929322 0.002320862 
740 -2.3345948E-4 0.008944702 0.010839844 0.008747864 0.0 0.0 0.0 0.0 -0.0051361085 -0.012226868 -0.010528564 -0.0052917483 0.0054061892 0.0020599365 0.010844422 0.0012542725 
742 -7.919312E-4 0.00844574 0.010336304 0.008203126 0.0 0.0 0.0 0.0 -0.0054428102 -0.012547303 -0.010858155 -0.0056030275 0.0056808474 0.0023345947 0.011114502 0.001638794 
744 -0.0010528564 0.008404541 0.01028595 0.008180237 0.0 0.0 0.0 0.0 -0.004916382 -0.011929322 -0.010212707 -0.0050354004 0.0058914186 0.0025634766 0.01131134 0.0017166138 
746 0.0017120362 0.010922241 0.012597657 0.010198975 0.0 0.0 0.0 0.0 -0.0051177978 -0.012194824 -0.010496521 -0.005223084 0.0050079348 0.0018264771 0.01051941 0.0010894776 
749 0.002041626 0.011004639 0.0123641975 0.009786988 0.0 0.0 0.0 0.0 -0.0049484256 -0.012025452 -0.0103408815 -0.005053711 0.0069351196 0.003529358 0.012089539 0.0025039674 
751 7.0495607E-4 0.009681702 0.011686707 0.0097640995 0.0 0.0 0.0 0.0 -0.0054061892 -0.012565613 -0.010945129 -0.005612183 0.004527283 0.0013137817 0.010176087 6.7749026E-4 
753 7.5531006E-4 0.009855652 0.011791993 0.009594726 0.0 0.0 0.0 0.0 -0.0049850466 -0.012025452 -0.0102676395 -0.004916382 0.005506897 0.0022018433 0.011050415 0.001437378 
755 0.0023162842 0.010908509 0.012052918 0.009535218 0.0 0.0 0.0 0.0 -0.004147339 -0.011132813 -0.009320068 -0.00393219 0.006051636 0.002737427 0.011448669 0.0018173219 
757 -0.0020233155 0.0068252566 0.009182739 0.008230591 0.0 0.0 0.0 0.0 -0.0047561647 -0.01187439 -0.010079957 -0.0047195437 0.0055984496 0.0023025514 0.011100769 0.0015609742 
759 3.1585695E-4 0.009260559 0.01127472 0.009242249 0.0 0.0 0.0 0.0 -0.005126953 -0.012208558 -0.010546875 -0.0052917483 0.0059097293 0.0025360107 0.011302185 0.0017074585 
761 5.859375E-4 0.0097640995 0.011517334 0.009306336 0.0 0.0 0.0 0.0 -0.005419922 -0.012538147 -0.010798645 -0.0056259157 0.005360413 0.0020507814 0.010748291 0.0013229371 
763 4.348755E-4 0.00960846 0.01137085 0.0091140745 0.0 0.0 0.0 0.0 -0.00493927 -0.012025452 -0.010272217 -0.0049850466 0.0055435183 0.002330017 0.011018372 0.0015106201 
765 6.1798096E-4 0.009649659 0.011338807 0.009237671 0.0 0.0 0.0 0.0 -0.0043029785 -0.011325073 -0.00960846 -0.004353333 0.006330872 0.0031402588 0.0117553715 0.0021835328 
767 2.3345948E-4 0.009375 0.011288452 0.009196472 0.0 0.0 0.0 0.0 -0.00552063 -0.012611389 -0.011027527 -0.0057769776 0.0049987794 0.0018997192 0.010638428 0.0011535644 
769 8.9721684E-4 0.010203552 0.012002564 0.009631348 0.0 0.0 0.0 0.0 -0.00476532 -0.011705018 -0.009919739 -0.0046096803 0.0058319094 0.0026046752 0.01131134 0.0016983033 
771 0.001020813 0.010432434 0.012066651 0.00962677 0.0 0.0 0.0 0.0 -0.004930115 -0.012034607 -0.010377503 -0.005003357 0.005529785 0.0023162842 0.01104126 0.0015289307 
773 0.0020324707 0.011068726 0.01237793 0.00986023 0.0 0.0 0.0 0.0 -0.004838562 -0.011846924 -0.010112 -0.0048294067 0.0058914186 0.0026916505 0.0112838745 0.0017440796 
775 0.0012405396 0.0102676395 0.011947632 0.009928894 0.0 0.0 0.0 0.0 -0.0051132203 -0.012272645 -0.01061554 -0.00526886 0.006111145 0.0027923584 0.01152649 0.001876831 
777 -4.3029786E-4 0.008729554 0.010601806 0.008633423 0.0 0.0 0.0 0.0 -0.0059188846 -0.013110352 -0.011531067 -0.0062438967 0.0045959475 0.0014556885 0.010221863 7.965088E-4 
779 4.6234133E-4 0.009594726 0.011448669 0.009265137 0.0 0.0 0.0 0.0 -0.004838562 -0.011833191 -0.010029602 -0.004600525 0.0060928348 0.0026504516 0.011302185 0.0016845703 
781 7.2784425E-4 0.009915161 0.011709595 0.009461976 0.0 0.0 0.0 0.0 -0.0046920776 -0.011705018 -0.010029602 -0.004627991 0.005671692 0.0023529052 0.01096344 0.0015838624 
783 8.605957E-4 0.010006714 0.011837769 0.009562683 0.0 0.0 0.0 0.0 -0.004724121 -0.011837769 -0.009997559 -0.0046554566 0.005799866 0.0027145387 0.011508179 0.001954651 
785 6.317139E-4 0.00987854 0.011659241 0.009411621 0.0 0.0 0.0 0.0 -0.0049255374 -0.012043763 -0.01036377 -0.005067444 0.0064086914 0.0032546998 0.011938477 0.0021331788 
787 0.0013641358 0.010418701 0.012011719 0.009562683 0.0 0.0 0.0 0.0 -0.005305481 -0.012387086 -0.010762024 -0.0054244995 0.005255127 0.0019271851 0.010697938 0.0012039185 
789 0.0019042969 0.011004639 0.0125106815 0.010148621 0.0 0.0 0.0 0.0 -0.004852295 -0.011869812 -0.010148621 -0.004737854 0.0059463503 0.0026916505 0.011412049 0.0018722535 
791 2.1057129E-4 0.009397889 0.011219787 0.009095765 0.0 0.0 0.0 0.0 -0.0042297365 -0.011270142 -0.009599305 -0.004389954 0.0067977905 0.003630066 0.012309265 0.0027282715 
793 5.950928E-5 0.00927887 0.011164856 0.009022522 0.0 0.0 0.0 0.0 -0.005960083 -0.013238526 -0.011677551 -0.0064086914 0.0050857547 0.0018447876 0.010565186 0.0010665894 
795 5.447388E-4 0.009754944 0.011503601 0.009333801 0.0 0.0 0.0 0.0 -0.004522705 -0.011585998 -0.009768677 -0.0043441774 0.0052093505 0.0018585206 0.010542298 0.0011123657 
797 7.232666E-4 0.009906006 0.011631775 0.00935669 0.0 0.0 0.0 0.0 -0.005204773 -0.0124053955 -0.0107803345 -0.0054061892 0.004714966 0.0010253907 0.009892273 6.820679E-4 
799 6.637573E-4 0.009919739 0.011485291 0.009333801 0.0 0.0 0.0 0.0 -0.0048339847 -0.011865235 -0.010171509 -0.004852295 0.00476532 6.317139E-4 0.009150696 1.1444092E-4 
801 -9.887696E-4 0.00827179 0.010491944 0.008738709 0.0 0.0 0.0 0.0 -0.0047561647 -0.011723328 -0.009933472 -0.0046966556 0.007452393 0.0043029785 0.01303711 0.0033096315 
803 0.0017120362 0.010794068 0.012341309 0.009960937 0.0 0.0 0.0 0.0 -0.005223084 -0.012341309 -0.010729981 -0.0055023194 0.0053512575 0.0016204835 0.010217286 6.9122313E-4 
805 8.1481936E-4 0.010006714 0.011668396 0.00953064 0.0 0.0 0.0 0.0 -0.005635071 -0.012730408 -0.011109925 -0.0058547975 0.005296326 0.0020278932 0.010775757 0.0014694214 
807 1.8768311E-4 0.009457397 0.0112106325 0.009077454 0.0 0.0 0.0 0.0 -0.004138184 -0.011050415 -0.009242249 -0.0039505004 0.006678772 0.0034515383 0.0120803835 0.0023986816 
809 3.9367678E-4 0.009516907 0.011329651 0.009205627 0.0 0.0 0.0 0.0 -0.005671692 -0.012675476 -0.01111908 -0.005786133 0.00493927 0.0017532349 0.010588074 0.0012359619 
811 6.5002445E-4 0.009809876 0.011553955 0.009352112 0.0 0.0 0.0 0.0 -0.0046325685 -0.011695862 -0.009970093 -0.004724121 0.0048843385 0.0017623901 0.010569763 0.001171875 
813 6.1340333E-4 0.00980072 0.011576843 0.00935669 0.0 0.0 0.0 0.0 -0.0052139284 -0.012272645 -0.010597229 -0.0052734376 0.005548096 0.0022613525 0.011036682 0.0014739991 
815 -6.7291263E-4 0.008560181 0.010647583 0.008711243 0.0 0.0 0.0 0.0 -0.0054473877 -0.012538147 -0.010881043 -0.005511475 0.0042251586 0.0011489869 0.009938049 4.4860842E-4 
817 0.0019226074 0.0110321045 0.012423706 0.00995636 0.0 0.0 0.0 0.0 -0.004083252 -0.011109925 -0.009265137 -0.0039001466 0.007159424 0.0036437989 0.012199402 0.0023941041 
819 9.979248E-4 0.010139465 0.011791993 0.009503174 0.0 0.0 0.0 0.0 -0.0059188846 -0.01313324 -0.0115448 -0.0063583376 0.0056259157 0.0024353028 0.011077881 0.001689148 
821 4.3945314E-4 0.009663391 0.011508179 0.009375 0.0 0.0 0.0 0.0 -0.0045410157 -0.011654663 -0.009809876 -0.004472351 0.006756592 0.0034378052 0.011988831 0.0023849488 
823 7.7819824E-4 0.009915161 0.011714173 0.009466553 0.0 0.0 0.0 0.0 -0.0050399783 -0.0121536255 -0.010501099 -0.005067444 0.0058776857 0.0025222779 0.01129303 0.0018722535 
825 6.042481E-4 0.009851075 0.011576843 0.009365845 0.0 0.0 0.0 0.0 -0.004994202 -0.012034607 -0.01038208 -0.004911804 0.0054244995 0.0022659302 0.010977173 0.0013916016 
828 2.746582E-4 0.009516907 0.011320496 0.009187317 0.0 0.0 0.0 0.0 -0.005154419 -0.012199402 -0.010533142 -0.005259705 0.0045364383 0.0012542725 0.009974671 4.0740968E-4 
830 -6.362915E-4 0.008683777 0.010647583 0.008688355 0.0 0.0 0.0 0.0 -0.0056762695 -0.012767029 -0.011109925 -0.005859375 0.0044448855 0.0013229371 0.010153199 6.362915E-4 
832 0.0022018433 0.011270142 0.012821961 0.010372925 0.0 0.0 0.0 0.0 -0.004220581 -0.011141968 -0.009301758 -0.0040145875 0.0064956667 0.003048706 0.011682129 0.0019821168 
834 3.707886E-4 0.0095123295 0.011329651 0.009191895 0.0 0.0 0.0 0.0 -0.0059143067 -0.013027955 -0.011508179 -0.0062805177 0.005570984 0.0023529052 0.0111053465 0.0016433717 
836 6.317139E-4 0.00970459 0.011540222 0.009361267 0.0 0.0 0.0 0.0 -0.004664612 -0.011709595 -0.009928894 -0.004637146 0.0061843875 0.0029022216 0.011572266 0.0019500733 
838 8.834839E-4 0.010112 0.011814881 0.009535218 0.0 0.0 0.0 0.0 -0.005264282 -0.012295533 -0.010624695 -0.0053741457 0.006504822 0.0031311037 0.0118606575 0.0022476197 
840 0.0010803223 0.010148621 0.0118606575 0.009640503 0.0 0.0 0.0 0.0 -0.0049621584 -0.012071229 -0.010272217 -0.00493927 0.004916382 0.0017669678 0.010496521 0.0010894776 
842 5.264282E-4 0.0097640995 0.011489868 0.009315491 0.0 0.0 0.0 0.0 -0.004376221 -0.011306763 -0.009580994 -0.0042160037 0.006381226 0.0030349733 0.011723328 0.0021011352 
844 -4.5776367E-4 0.008976745 0.010848999 0.0088211065 0.0 0.0 0.0 0.0 -0.0045181275 -0.011572266 -0.009786988 -0.004550171 0.005259705 0.0020187378 0.010826111 0.0012496948 
846 0.0023025514 0.011265564 0.012799073 0.010221863 0.0 0.0 0.0 0.0 -0.006037903 -0.01328888 -0.011654663 -0.006477356 0.004879761 0.0016708374 0.010450745 8.9721684E-4 
848 1.2817384E-4 0.009379578 0.011160279 0.0090271 0.0 0.0 0.0 0.0 -0.0045364383 -0.011521912 -0.00978241 -0.00451355 0.0054611205 0.002256775 0.01102295 0.0014785767 
850 1.739502E-4 0.009338379 0.0111053465 0.008976745 0.0 0.0 0.0 0.0 -0.0050720214 -0.012162781 -0.010523987 -0.0052001956 0.0055435183 0.0022247315 0.0109588625 0.0014465332 
852 7.18689E-4 0.009938049 0.011709595 0.009411621 0.0 0.0 0.0 0.0 -0.0049255374 -0.011906434 -0.010203552 -0.0048843385 0.0065643312 0.0032684328 0.011938477 0.0023025514 
854 0.0010528564 0.010176087 0.011943054 0.009635925 0.0 0.0 0.0 0.0 -0.005204773 -0.012249757 -0.010601806 -0.005392456 0.005355835 0.0020599365 0.010798645 0.0013458253 
856 8.605957E-4 0.010121155 0.011732483 0.00960846 0.0 0.0 0.0 0.0 -0.0056625367 -0.012826539 -0.011141968 -0.005960083 0.0054290774 0.0021697998 0.010876465 0.0014007569 
858 -0.0010711671 0.008354187 0.010446168 0.0086425785 0.0 0.0 0.0 0.0 -0.0039962768 -0.010890198 -0.00904541 -0.0036254884 0.006619263 0.0033142092 0.011906434 0.0022979737 
860 0.0017578126 0.0108123785 0.012295533 0.009928894 0.0 0.0 0.0 0.0 -0.0056762695 -0.012826539 -0.011169434 -0.005996704 0.0056030275 0.0023025514 0.010949708 0.0013687134 
862 6.1798096E-4 0.009709167 0.011380005 0.009150696 0.0 0.0 0.0 0.0 -0.004774475 -0.011805725 -0.010093689 -0.0048294067 0.005369568 0.002156067 0.01086731 0.0014007569 
864 -7.324219E-5 0.009164429 0.010922241 0.008811951 0.0 0.0 0.0 0.0 -0.005090332 -0.0122818 -0.010514832 -0.00526886 0.0058319094 0.002609253 0.011343384 0.0016937256 
866 2.7008058E-4 0.009471131 0.011352539 0.009082031 0.0 0.0 0.0 0.0 -0.005548096 -0.012620545 -0.011004639 -0.005708313 0.0047470094 0.0015655519 0.010377503 9.063721E-4 
868 0.0012268067 0.01036377 0.01212616 0.009754944 0.0 0.0 0.0 0.0 -0.0040374757 -0.011073303 -0.009274292 -0.0039596558 0.0064498903 0.0032546998 0.011956788 0.0022888184 
870 0.001171875 0.010350036 0.012052918 0.009823608 0.0 0.0 0.0 0.0 -0.0045181275 -0.011576843 -0.009896851 -0.004605103 0.0058776857 0.0026000978 0.011279297 0.0017303467 
872 -3.4332275E-4 0.009072877 0.011091614 0.009178162 0.0 0.0 0.0 0.0 -0.0059555057 -0.01321106 -0.011517334 -0.0063583376 0.0053100586 0.002105713 0.010816956 0.0012542725 
874 0.0021789551 0.0112838745 0.012762452 0.010176087 0.0 0.0 0.0 0.0 -0.0041702273 -0.01111908 -0.009393311 -0.003909302 0.0061706547 0.0028701783 0.011489868 0.0018722535 
876 0.0010116578 0.010107422 0.011787415 0.009365845 0.0 0.0 0.0 0.0 -0.0050582886 -0.012117005 -0.01053772 -0.0052871704 0.0056030275 0.002407837 0.011096192 0.0016067505 
878 -6.408692E-5 0.009251404 0.011096192 0.00885315 0.0 0.0 0.0 0.0 -0.004856873 -0.011929322 -0.010171509 -0.0049072267 0.005763245 0.002494812 0.011178589 0.0015106201 
880 -5.996704E-4 0.008734131 0.010610962 0.00844574 0.0 0.0 0.0 0.0 -0.0054107667 -0.012593079 -0.010913086 -0.005635071 0.0061569214 0.0027694702 0.01137085 0.0019271851 
882 3.9367678E-4 0.009571838 0.011242676 0.008944702 0.0 0.0 0.0 0.0 -0.0053741457 -0.012501527 -0.01086731 -0.005671692 0.0045410157 0.0013092041 0.01005249 5.9051515E-4 
884 8.468628E-4 0.009951782 0.011686707 0.009603882 0.0 0.0 0.0 0.0 -0.00493927 -0.012011719 -0.010258484 -0.0049209595 0.0060470584 0.0027420043 0.011434937 0.001940918 
886 0.0020599365 0.011224366 0.012716675 0.010290528 0.0 0.0 0.0 0.0 -0.0048248293 -0.011865235 -0.0101623535 -0.004916382 0.005822754 0.0024627687 0.011228943 0.0017074585 
888 7.0495607E-4 0.009970093 0.01177826 0.009672547 0.0 0.0 0.0 0.0 -0.0046829223 -0.011727906 -0.010098266 -0.004641724 0.0056533813 0.0023757934 0.0110321045 0.00158844 
890 0.0017532349 0.010940552 0.012615968 0.010198975 0.0 0.0 0.0 0.0 -0.0047882083 -0.011819459 -0.010084534 -0.004815674 0.00610199 0.0027145387 0.011416626 0.0017990113 
892 6.225586E-4 0.009709167 0.011595154 0.009388733 0.0 0.0 0.0 0.0 -0.0051223757 -0.012240601 -0.010588074 -0.005204773 0.005557251 0.0023162842 0.010986328 0.001524353 
894 -0.0012405396 0.008139038 0.010038758 0.008010864 0.0 0.0 0.0 0.0 -0.0049484256 -0.012107849 -0.010400391 -0.005067444 0.0055664065 0.0022796632 0.011082458 0.0014465332 
896 -5.493164E-4 0.008656311 0.010482788 0.008276368 0.0 0.0 0.0 0.0 -0.0040512085 -0.011087037 -0.009370423 -0.004046631 0.006481934 0.0032089234 0.011759949 0.0022293092 
898 -5.0354007E-5 0.009182739 0.010922241 0.008816528 0.0 0.0 0.0 0.0 -0.0059188846 -0.013101197 -0.011521912 -0.006289673 0.0049575805 0.0017944337 0.010469056 0.0010253907 
900 0.0020324707 0.011068726 0.012638856 0.010189819 0.0 0.0 0.0 0.0 -0.0048065186 -0.011791993 -0.010075378 -0.0047286986 0.0057403566 0.0024215698 0.011096192 0.00158844 
902 6.4544677E-4 0.009915161 0.011791993 0.009677124 0.0 0.0 0.0 0.0 -0.005223084 -0.012263489 -0.010661316 -0.005383301 0.005607605 0.0023529052 0.011054993 0.0015426637 
904 0.002737427 0.011851502 0.013389587 0.010977173 0.0 0.0 0.0 0.0 -0.0047332766 -0.011700439 -0.009951782 -0.0046188356 0.0052917483 0.0019729615 0.010693359 0.0012084962 
905 0.0016159058 0.01071167 0.012309265 0.009970093 0.0 0.0 0.0 0.0 -0.0048614503 -0.011842347 -0.010139465 -0.0048614503 0.006971741 0.00368042 0.012240601 0.0025863647 
908 -5.447388E-4 0.008757019 0.0108123785 0.008660889 0.0 0.0 0.0 0.0 -0.005168152 -0.012277222 -0.010597229 -0.005433655 0.004852295 0.0015975953 0.010409546 9.5214846E-4 
910 -6.7291263E-4 0.008647156 0.010409546 0.008148193 0.0 0.0 0.0 0.0 -0.005332947 -0.012419129 -0.010743714 -0.0053878785 0.005369568 0.0020736696 0.010908509 0.0014144898 
910 -6.317139E-4 0.008670044 0.0106338505 0.00860138 0.0 0.0 0.0 0.0 -0.0042160037 -0.011192322 -0.009329224 -0.0040008547 0.0060424805 0.0027145387 0.011480713 0.0018447876 
913 0.0023620606 0.01127472 0.012547303 0.009915161 0.0 0.0 0.0 0.0 -0.005360413 -0.012414551 -0.0108078 -0.0054656984 0.005557251 0.0022796632 0.0110321045 0.0014465332 
915 -1.09863286E-4 0.009008789 0.010981751 0.009260559 0.0 0.0 0.0 0.0 -0.0050857547 -0.01203003 -0.010354615 -0.0051361085 0.005635071 0.0023117065 0.0111373905 0.00158844 
917 0.002581787 0.011489868 0.012927246 0.010565186 0.0 0.0 0.0 0.0 -0.0048980713 -0.011920166 -0.01020813 -0.004852295 0.006079102 0.002824402 0.011531067 0.0019775392 
919 0.0014511108 0.010313416 0.012066651 0.009869385 0.0 0.0 0.0 0.0 -0.004742432 -0.011750794 -0.0100158695 -0.004678345 0.005557251 0.0023025514 0.010990906 0.0013687134 
921 -0.0024032593 0.007424927 0.010308838 0.008848572 0.0 0.0 0.0 0.0 -0.0039413455 -0.01086731 -0.009233094 -0.00393219 0.006440735 0.0030853273 0.011741638 0.0022201538 
923 0.001387024 0.0110321045 0.012666321 0.009777832 0.0 0.0 0.0 0.0 -0.0062805177 -0.013508607 -0.011943054 -0.0067794803 0.005030823 0.0018264771 0.010647583 0.001020813 
925 9.338379E-4 0.010386658 0.011984253 0.009352112 0.0 0.0 0.0 0.0 -0.004623413 -0.011732483 -0.0099105835 -0.004545593 0.0058410647 0.0026779175 0.011325073 0.0016983033 
927 0.0014831544 0.010899353 0.012492371 0.009796143 0.0 0.0 0.0 0.0 -0.005181885 -0.012277222 -0.010638428 -0.005332947 0.005744934 0.0024215698 0.011183167 0.0015289307 
929 5.4931643E-5 0.009178162 0.010826111 0.008624268 0.0 0.0 0.0 0.0 -0.0050354004 -0.01204834 -0.010336304 -0.0050354004 0.005342102 0.0020874024 0.010858155 0.0012817383 
931 0.0022796632 0.010990906 0.012098694 0.009887695 0.0 0.0 0.0 0.0 -0.0046966556 -0.011682129 -0.01003418 -0.0046966556 0.0068618776 0.0036483766 0.0121856695 0.0025268556 
933 1.739502E-4 0.0088623045 0.010716247 0.008930969 0.0 0.0 0.0 0.0 -0.00526886 -0.01230011 -0.010702515 -0.005433655 0.0047103884 0.0014785767 0.010272217 7.5073243E-4 
935 5.4016116E-4 0.00953064 0.011595154 0.009544373 0.0 0.0 0.0 0.0 -0.005168152 -0.01230011 -0.010542298 -0.005218506 0.0054016113 0.0022201538 0.010945129 0.0015106201 
937 8.239746E-5 0.009292603 0.011549378 0.009672547 0.0 0.0 0.0 0.0 -0.0046463013 -0.011585998 -0.009823608 -0.0044036866 0.0060333256 0.0026641847 0.011380005 0.0017440796 
939 -9.6130374E-5 0.008944702 0.011036682 0.009205627 0.0 0.0 0.0 0.0 -0.0050399783 -0.012084961 -0.010574341 -0.005168152 0.0055526732 0.0022705079 0.010995484 0.0014511108 
941 0.0013229371 0.010441589 0.012107849 0.0097320555 0.0 0.0 0.0 0.0 -0.0048431396 -0.011883546 -0.010231018 -0.004930115 0.0057357787 0.0025360107 0.011228943 0.0016296387 
943 -6.225586E-4 0.008802796 0.010908509 0.008953857 0.0 0.0 0.0 0.0 -0.005383301 -0.012496948 -0.010908509 -0.0056259157 0.006111145 0.0028289796 0.011448669 0.0020004273 
945 6.362915E-4 0.009851075 0.011686707 0.009402466 0.0 0.0 0.0 0.0 -0.005053711 -0.012162781 -0.010437012 -0.0051132203 0.0048294067 0.001625061 0.010432434 0.0010253907 
947 0.001020813 0.010217286 0.0118606575 0.009535218 0.0 0.0 0.0 0.0 -0.003895569 -0.0107803345 -0.0089675905 -0.0036026002 0.006596375 0.003291321 0.0119018555 0.0023529052 
949 7.5073243E-4 0.00986023 0.011663819 0.009365845 0.0 0.0 0.0 0.0 -0.0047286986 -0.011750794 -0.010098266 -0.0047882083 0.0052139284 0.0019363404 0.010670471 0.0011627198 
951 4.989624E-4 0.009631348 0.011485291 0.009338379 0.0 0.0 0.0 0.0 -0.0057357787 -0.012840271 -0.011123657 -0.0058410647 0.00552063 0.0022659302 0.01096344 0.001437378 
953 5.5389403E-4 0.009754944 0.011457825 0.009306336 0.0 0.0 0.0 0.0 -0.0050445558 -0.012144471 -0.010469056 -0.005282593 0.005053711 0.0015197755 0.01005249 5.1269535E-4 
955 0.001171875 0.010281372 0.011920166 0.009617615 0.0 0.0 0.0 0.0 -0.00493927 -0.011906434 -0.010231018 -0.0048477175 0.004508972 7.0495607E-4 0.009539795 2.609253E-4 
957 -7.3699956E-4 0.00854187 0.0106338505 0.008802796 0.0 0.0 0.0 0.0 -0.0049346923 -0.012002564 -0.01028595 -0.0049575805 0.0073013306 0.003781128 0.012268066 0.0028060914 
959 -9.155274E-6 0.009255982 0.011082458 0.009059143 0.0 0.0 0.0 0.0 -0.005090332 -0.012226868 -0.010601806 -0.0053512575 0.005863953 0.002774048 0.011453248 0.0018814087 
961 9.658814E-4 0.010125733 0.011791993 0.009507752 0.0 0.0 0.0 0.0 -0.005607605 -0.012661744 -0.011087037 -0.0056945803 0.0051589967 0.002119446 0.010908509 0.001171875 
963 8.834839E-4 0.010020447 0.011682129 0.009407043 0.0 0.0 0.0 0.0 -0.0040145875 -0.010876465 -0.009072877 -0.0035980225 0.0059463503 0.0025863647 0.011219787 0.0016845703 
965 5.9051515E-4 0.0097640995 0.0115448 0.009329224 0.0 0.0 0.0 0.0 -0.005763245 -0.012931824 -0.011398315 -0.006152344 0.0053100586 0.0020599365 0.010839844 0.0014556885 
967 4.5318605E-4 0.009727478 0.01146698 0.009338379 0.0 0.0 0.0 0.0 -0.0048065186 -0.011897278 -0.01020813 -0.004856873 0.006349182 0.0038543702 0.012762452 0.0029296875 
969 8.285523E-4 0.010025024 0.011659241 0.009489441 0.0 0.0 0.0 0.0 -0.005154419 -0.012249757 -0.01061554 -0.00526886 0.0059280396 0.0032546998 0.012121582 0.0021789551 
971 3.2501222E-4 0.009461976 0.011384583 0.009375 0.0 0.0 0.0 0.0 -0.0054473877 -0.01255188 -0.010903931 -0.005612183 0.005030823 0.0015701294 0.010249329 8.6517335E-4 
973 -2.0141603E-4 0.009036255 0.010899353 0.008889771 0.0 0.0 0.0 0.0 -0.004060364 -0.011036682 -0.009352112 -0.0039413455 0.0075942995 0.0043807984 0.012899781 0.0032455446 
975 9.70459E-4 0.0100891115 0.011750794 0.0095855715 0.0 0.0 0.0 0.0 -0.004893494 -0.011979676 -0.010249329 -0.0049575805 0.0062026978 0.0031036378 0.011732483 0.00209198 
977 7.5531006E-4 0.009851075 0.011576843 0.009402466 0.0 0.0 0.0 0.0 -0.0050628665 -0.012144471 -0.010386658 -0.0050765993 0.005506897 0.0020233155 0.010693359 0.0013458253 
979 4.348755E-4 0.009681702 0.011448669 0.009306336 0.0 0.0 0.0 0.0 -0.0049987794 -0.011965943 -0.01028595 -0.005067444 0.0052368166 0.0019683838 0.010748291 0.0014099121 
981 5.3100585E-4 0.009722901 0.011448669 0.009265137 0.0 0.0 0.0 0.0 -0.0050628665 -0.012107849 -0.010565186 -0.005223084 0.005026245 0.0020507814 0.0108856205 0.0012313843 
983 7.141113E-4 0.009887695 0.011631775 0.009411621 0.0 0.0 0.0 0.0 -0.0048660277 -0.011929322 -0.010171509 -0.0048294067 0.00610199 0.0027328492 0.011361695 0.0017990113 
985 5.5389403E-4 0.0097640995 0.011590577 0.009599305 0.0 0.0 0.0 0.0 -0.0050216676 -0.012057495 -0.010473633 -0.0052001956 0.004893494 0.0015701294 0.010180664 5.9051515E-4 
987 -7.919312E-4 0.008555603 0.010542298 0.008592225 0.0 0.0 0.0 0.0 -0.005923462 -0.013156128 -0.011553955 -0.006344605 0.0060195923 0.002824402 0.011517334 0.0018630982 
989 8.331299E-4 0.009974671 0.011723328 0.009539795 0.0 0.0 0.0 0.0 -0.0040740967 -0.011027527 -0.009255982 -0.0038269043 0.006669617 0.0033325197 0.011975098 0.0024261475 
991 9.887696E-4 0.010226441 0.011869812 0.009663391 0.0 0.0 0.0 0.0 -0.0054382323 -0.012460328 -0.010835267 -0.0055618286 0.006079102 0.002774048 0.011457825 0.0019821168 
993 7.3699956E-4 0.009901429 0.011627197 0.009425354 0.0 0.0 0.0 0.0 -0.0046829223 -0.011727906 -0.010020447 -0.004627991 0.0058731083 0.0025543214 0.011375427 0.0018630982 
995 5.584717E-4 0.0096588135 0.0114624025 0.009306336 0.0 0.0 0.0 0.0 -0.0053878785 -0.012515259 -0.010945129 -0.0056991577 0.0055984496 0.0023529052 0.011045838 0.0015701294 
997 7.2784425E-4 0.0099105835 0.011549378 0.009379578 0.0 0.0 0.0 0.0 -0.005378723 -0.012528992 -0.010876465 -0.005529785 0.0044586184 0.0012176514 0.010006714 5.218506E-4 
999 0.0024810792 0.011448669 0.012702942 0.010249329 0.0 0.0 0.0 0.0 -0.0043670656 -0.011169434 -0.009365845 -0.0039367676 0.0062805177 0.0029205324 0.011540222 0.0018585206 
1001 -2.3803712E-4 0.008912659 0.010876465 0.008807373 0.0 0.0 0.0 0.0 -0.0047195437 -0.011787415 -0.010171509 -0.0048431396 0.004989624 0.0017349244 0.010496521 9.796143E-4 
1003 5.1269535E-4 0.009672547 0.011412049 0.009342956 0.0 0.0 0.0 0.0 -0.0058959965 -0.013101197 -0.01162262 -0.0062576295 0.0060058595 0.0026687623 0.011430359 0.0018447876 
1005 9.979248E-4 0.010107422 0.011746217 0.009494019 0.0 0.0 0.0 0.0 -0.004916382 -0.011975098 -0.010166931 -0.004856873 0.006134033 0.0028884888 0.0116088865 0.0020004273 
1007 5.859375E-4 0.009887695 0.011508179 0.009251404 0.0 0.0 0.0 0.0 -0.0046325685 -0.011558533 -0.009809876 -0.0044586184 0.005474854 0.0022018433 0.011013794 0.0015289307 
1009 4.852295E-4 0.009649659 0.011439514 0.009219361 0.0 0.0 0.0 0.0 -0.004953003 -0.011965943 -0.010263062 -0.004815674 0.007159424 0.0036758424 0.012322999 0.0027145387 
1011 5.5389403E-4 0.009741211 0.011434937 0.009260559 0.0 0.0 0.0 0.0 -0.004627991 -0.011650085 -0.009947205 -0.0046829223 0.004838562 0.0015747071 0.010350036 8.9263916E-4 
1013 0.0020004273 0.011091614 0.0125106815 0.009924317 0.0 0.0 0.0 0.0 -0.0056762695 -0.012895203 -0.011347962 -0.0060928348 0.0047286986 0.0016159058 0.010487366 8.7432866E-4 
1015 5.0354007E-5 0.009333801 0.011082458 0.008976745 0.0 0.0 0.0 0.0 -0.004335022 -0.011187744 -0.009507752 -0.004069519 0.0058502196 0.002545166 0.0113159185 0.0017166138 
1016 1.3732911E-5 0.009292603 0.011151123 0.009086609 0.0 0.0 0.0 0.0 -0.0057312013 -0.01278534 -0.011233521 -0.005960083 0.005506897 0.0023025514 0.010972596 0.0014602662 
1019 4.943848E-4 0.009722901 0.011471557 0.009251404 0.0 0.0 0.0 0.0 -0.004916382 -0.0119338995 -0.010240174 -0.0049346923 0.005667114 0.0024765015 0.011174011 0.0015792847 
1021 7.919312E-4 0.0099838255 0.011709595 0.009494019 0.0 0.0 0.0 0.0 -0.004701233 -0.011741638 -0.0100891115 -0.004641724 0.0063949586 0.00317688 0.0118606575 0.0022796632 
1022 8.6517335E-4 0.01005249 0.011737061 0.009498596 0.0 0.0 0.0 0.0 -0.0056579593 -0.01280365 -0.011224366 -0.005822754 0.0047698976 0.0015930176 0.010441589 8.468628E-4 
1024 5.5389403E-4 0.009851075 0.0116088865 0.009292603 0.0 0.0 0.0 0.0 -0.004879761 -0.011769105 -0.010121155 -0.0046966556 0.006655884 0.0033096315 0.011956788 0.002320862 
1026 0.001020813 0.010166931 0.011686707 0.009361267 0.0 0.0 0.0 0.0 -0.0037261965 -0.010583497 -0.008752442 -0.0033737184 0.005506897 0.002156067 0.010816956 0.0012496948 
1028 0.0014556885 0.010610962 0.012094117 0.009828187 0.0 0.0 0.0 0.0 -0.0060470584 -0.013320923 -0.011773682 -0.0066009522 0.005369568 0.0021423341 0.0108535765 0.0012084962 
1030 -2.3345948E-4 0.008999634 0.01077118 0.008711243 0.0 0.0 0.0 0.0 -0.0050811768 -0.012039185 -0.010409546 -0.005145264 0.0057907104 0.0025222779 0.011297608 0.0017120362 
1032 5.950928E-5 0.009292603 0.010990906 0.008930969 0.0 0.0 0.0 0.0 -0.0051361085 -0.012171936 -0.010523987 -0.0051498413 0.0051864623 0.001963806 0.010716247 0.0011993408 
1034 9.658814E-4 0.010185242 0.011801148 0.009599305 0.0 0.0 0.0 0.0 -0.005154419 -0.0121856695 -0.010510254 -0.0051589967 0.0066650393 0.0034698488 0.01203003 0.0023391724 
1036 0.0012359619 0.010450745 0.012057495 0.0097640995 0.0 0.0 0.0 0.0 -0.004238892 -0.011251831 -0.009571838 -0.004161072 0.0056259157 0.0023254396 0.011050415 0.0014007569 
1038 7.69043E-4 0.009960937 0.011791993 0.009617615 0.0 0.0 0.0 0.0 -0.0054656984 -0.0126297 -0.01104126 -0.0057540894 0.004623413 0.0015151978 0.010354615 9.063721E-4 
1040 0.0011581421 0.010313416 0.012011719 0.009745789 0.0 0.0 0.0 0.0 -0.0046875 -0.011640931 -0.009896851 -0.0045043947 0.006079102 0.0028564453 0.0114624025 0.0019134522 
1042 0.0020828247 0.011238098 0.012730408 0.010400391 0.0 0.0 0.0 0.0 -0.005264282 -0.012290955 -0.01071167 -0.005456543 0.0056900023 0.0024719238 0.011201478 0.0016159058 
1044 -1.4648438E-4 0.009077454 0.010881043 0.00877533 0.0 0.0 0.0 0.0 -0.004879761 -0.011906434 -0.010148621 -0.004879761 0.0056533813 0.0023620606 0.011091614 0.0015335083 
1046 -5.996704E-4 0.008638001 0.010487366 0.008427429 0.0 0.0 0.0 0.0 -0.005126953 -0.012144471 -0.010427857 -0.0051177978 0.006381226 0.0030532838 0.011668396 0.0021011352 
1048 2.1057129E-4 0.009388733 0.011164856 0.009031678 0.0 0.0 0.0 0.0 -0.0057540894 -0.012908936 -0.0112838745 -0.0059326175 0.004605103 0.0014419556 0.010240174 7.461548E-4 
1050 9.5214846E-4 0.010176087 0.011750794 0.009553528 0.0 0.0 0.0 0.0 -0.0048294067 -0.011732483 -0.009965516 -0.0044769286 0.0060104374 0.0026916505 0.011347962 0.0017578126 
1052 0.0013916016 0.010569763 0.012149048 0.009938049 0.0 0.0 0.0 0.0 -0.004046631 -0.0108078 -0.0091140745 -0.0036712647 0.0058731083 0.0026504516 0.011233521 0.0016799928 
1054 -1.235962E-4 0.009182739 0.01127472 0.009379578 0.0 0.0 0.0 0.0 -0.00602417 -0.01303711 -0.011517334 -0.006330872 0.0054061892 0.0022338869 0.010935974 0.0013000489 
1056 0.0022109987 0.011288452 0.012890626 0.010368347 0.0 0.0 0.0 0.0 -0.0046737674 -0.011668396 -0.009997559 -0.0046554566 0.0058731083 0.0026367188 0.0113571165 0.0016983033 
1058 7.2784425E-4 0.0098373415 0.011640931 0.009370423 0.0 0.0 0.0 0.0 -0.005131531 -0.0121856695 -0.010469056 -0.0051223757 0.005506897 0.0022979737 0.01102295 0.0015609742 
1060 -8.9263916E-4 0.008432007 0.010427857 0.008239746 0.0 0.0 0.0 0.0 -0.0049072267 -0.011842347 -0.0102355955 -0.0047927857 0.0059463503 0.0026916505 0.011366272 0.0017990113 
1062 -8.9721684E-4 0.008331299 0.010189819 0.00802002 0.0 0.0 0.0 0.0 -0.0051223757 -0.012249757 -0.010597229 -0.005319214 0.0063583376 0.0030807497 0.011746217 0.002069092 
1064 2.7465821E-5 0.009246826 0.01096344 0.008770752 0.0 0.0 0.0 0.0 -0.0052917483 -0.012382507 -0.01086731 -0.005749512 0.0045959475 0.0014328003 0.0103408815 8.6517335E-4 
1066 7.965088E-4 0.009979248 0.011613465 0.009365845 0.0 0.0 0.0 0.0 -0.0045913695 -0.011613465 -0.009901429 -0.0045043947 0.005726624 0.002508545 0.011219787 0.0017303467 
1068 7.69043E-4 0.009960937 0.011782837 0.009819031 0.0 0.0 0.0 0.0 -0.0053100586 -0.012345887 -0.010716247 -0.0054244995 0.0057769776 0.0025131225 0.011196899 0.0016296387 
1070 0.0029708864 0.0120071415 0.013545227 0.010945129 0.0 0.0 0.0 0.0 -0.0046325685 -0.011636353 -0.009992981 -0.004586792 0.005630493 0.0023254396 0.011068726 0.0015060426 
1072 0.0023162842 0.011448669 0.012954712 0.01055603 0.0 0.0 0.0 0.0 -0.0048339847 -0.011814881 -0.010121155 -0.004838562 0.0061294558 0.0028793334 0.01156311 0.0018814087 
1074 7.2784425E-4 0.009892273 0.011686707 0.009544373 0.0 0.0 0.0 0.0 -0.005506897 -0.012593079 -0.010990906 -0.0057540894 0.0050857547 0.001940918 0.010661316 0.0011352539 
1076 -7.5073243E-4 0.008468628 0.010295105 0.008335876 0.0 0.0 0.0 0.0 -0.0058776857 -0.012927246 -0.011302185 -0.005937195 0.005529785 0.0023345947 0.011100769 0.0014648438 
1078 -0.0011444092 0.008088685 0.010043335 0.007933045 0.0 0.0 0.0 0.0 -0.0037490847 -0.010583497 -0.008766174 -0.0034103394 0.0063217166 0.003012085 0.011668396 0.0020233155 
1080 4.6234133E-4 0.009645081 0.011228943 0.008921814 0.0 0.0 0.0 0.0 -0.0060195923 -0.013279725 -0.011723328 -0.0065505984 0.005300903 0.002119446 0.010881043 0.0012268067 
1082 8.8806154E-4 0.010144043 0.011906434 0.00986023 0.0 0.0 0.0 0.0 -0.0045913695 -0.011576843 -0.009768677 -0.0044769286 0.0057724 0.0025588989 0.011233521 0.0016662598 
1084 9.20105E-4 0.010180664 0.011920166 0.009457397 0.0 0.0 0.0 0.0 -0.0048706057 -0.011837769 -0.010144043 -0.0048339847 0.005799866 0.0025314332 0.011141968 0.001689148 
1086 0.0037124634 0.01268921 0.013545227 0.010894775 0.0 0.0 0.0 0.0 -0.0048110965 -0.011810303 -0.010166931 -0.004815674 0.005140686 0.0019042969 0.010601806 0.0010391235 
1088 -7.736206E-4 0.008738709 0.010894775 0.00912323 0.0 0.0 0.0 0.0 -0.0043807984 -0.011265564 -0.009663391 -0.00426178 0.0068618776 0.003529358 0.012089539 0.0025588989 
1090 0.0024627687 0.011700439 0.012625122 0.00980072 0.0 0.0 0.0 0.0 -0.005383301 -0.012506104 -0.010972596 -0.005744934 0.0048248293 0.0017440796 0.010523987 0.0010299683 
1092 0.0011581421 0.009960937 0.01086731 0.008898926 0.0 0.0 0.0 0.0 -0.005332947 -0.012396241 -0.010762024 -0.0054519656 0.0054107667 0.0021743774 0.010945129 0.0015014649 
1094 -8.6517335E-4 0.008024598 0.0096588135 0.007823181 0.0 0.0 0.0 0.0 -0.004797363 -0.011814881 -0.01013031 -0.004838562 0.0059143067 0.002659607 0.0113159185 0.0017211915 
1096 7.6446537E-4 0.0100158695 0.011640931 0.00935669 0.0 0.0 0.0 0.0 -0.0049255374 -0.011888123 -0.010157776 -0.004893494 0.0055664065 0.0022888184 0.010990906 0.0014877319 
1098 -3.2958985E-4 0.009054566 0.010922241 0.008807373 0.0 0.0 0.0 0.0 -0.004838562 -0.01179657 -0.010116577 -0.0047882083 0.0057724 0.0025634766 0.011178589 0.0015655519 
1100 0.0022888184 0.011334228 0.0126297 0.01013031 0.0 0.0 0.0 0.0 -0.0052917483 -0.012286377 -0.010643005 -0.005383301 0.0058273314 0.002572632 0.011228943 0.0016662598 
1102 0.001373291 0.010418701 0.012057495 0.009654236 0.0 0.0 0.0 0.0 -0.0058181765 -0.012973023 -0.01129303 -0.006079102 0.00493927 0.0017669678 0.010446168 9.658814E-4 
1104 1.235962E-4 0.009503174 0.011549378 0.00929718 0.0 0.0 0.0 0.0 -0.0041519166 -0.010922241 -0.009127808 -0.0037857057 0.0064224247 0.0031860352 0.011883546 0.0022705079 
1106 8.514405E-4 0.010180664 0.012149048 0.009864807 0.0 0.0 0.0 0.0 -0.0052734376 -0.01230011 -0.010652161 -0.00552063 0.0055023194 0.0022247315 0.010954285 0.001387024 
1108 6.958008E-4 0.009901429 0.011668396 0.009274292 0.0 0.0 0.0 0.0 -0.0046096803 -0.011590577 -0.009892273 -0.004545593 0.0056625367 0.0024307251 0.011206055 0.0015701294 
1110 0.0012634278 0.010542298 0.0118286135 0.009562683 0.0 0.0 0.0 0.0 -0.005168152 -0.012149048 -0.01055603 -0.0052734376 0.006037903 0.002659607 0.011325073 0.0017623901 
1112 -4.852295E-4 0.008761597 0.010729981 0.008830261 0.0 0.0 0.0 0.0 -0.00501709 -0.012094117 -0.010395813 -0.005049133 0.0045043947 0.0014465332 0.0101623535 6.591797E-4 
1114 5.722046E-4 0.0097640995 0.011540222 0.009320068 0.0 0.0 0.0 0.0 -0.0044036866 -0.011334228 -0.009663391 -0.004220581 0.006848145 0.0034973146 0.012094117 0.0025680542 
1116 0.0012039185 0.010290528 0.01197052 0.009539795 0.0 0.0 0.0 0.0 -0.004605103 -0.011759949 -0.010134888 -0.0047698976 0.0056625367 0.0023483278 0.010995484 0.0015518189 
1118 7.3699956E-4 0.009906006 0.011645508 0.009397889 0.0 0.0 0.0 0.0 -0.0054840087 -0.012538147 -0.010954285 -0.0057037356 0.0052368166 0.0020324707 0.010716247 0.0010894776 
1120 8.19397E-4 0.009997559 0.011759949 0.009526062 0.0 0.0 0.0 0.0 -0.004879761 -0.011810303 -0.010102845 -0.004797363 0.0057403566 0.0025039674 0.011196899 0.0014099121 
1122 5.859375E-4 0.009841919 0.011576843 0.00935669 0.0 0.0 0.0 0.0 -0.00493927 -0.011984253 -0.01030426 -0.0050628665 0.005744934 0.002622986 0.011366272 0.0017120362 
1124 9.7503664E-4 0.010107422 0.011737061 0.009397889 0.0 0.0 0.0 0.0 -0.0049484256 -0.011956788 -0.010317993 -0.0049621584 0.0055892947 0.002293396 0.010922241 0.0013687134 
1126 -4.0740968E-4 0.008885193 0.0108856205 0.009036255 0.0 0.0 0.0 0.0 -0.0051223757 -0.012135316 -0.010569763 -0.005360413 0.0063354494 0.0032546998 0.011837769 0.0023025514 
1128 -2.975464E-4 0.009054566 0.010990906 0.008770752 0.0 0.0 0.0 0.0 -0.006015015 -0.0132019045 -0.011654663 -0.006303406 0.0046188356 0.0016525269 0.010578918 9.2468265E-4 
1130 0.0010574341 0.0102355955 0.011897278 0.00960846 0.0 0.0 0.0 0.0 -0.0045959475 -0.011494446 -0.009736634 -0.0043670656 0.006193543 0.0030944825 0.012057495 0.0025222779 
1132 0.0011123657 0.010226441 0.011906434 0.009631348 0.0 0.0 0.0 0.0 -0.0044036866 -0.011361695 -0.009516907 -0.00426178 0.006211853 0.003442383 0.012373352 0.0028060914 
1134 5.447388E-4 0.00978241 0.01152649 0.009242249 0.0 0.0 0.0 0.0 -0.005419922 -0.012547303 -0.010890198 -0.005648804 0.0058319094 0.0021469116 0.010656739 0.0012176514 
1136 5.264282E-4 0.0097640995 0.01156311 0.009342956 0.0 0.0 0.0 0.0 -0.004994202 -0.012052918 -0.010345459 -0.0051223757 0.006239319 0.0028976442 0.011453248 0.0019683838 
1138 4.4860842E-4 0.009663391 0.011485291 0.009187317 0.0 0.0 0.0 0.0 -0.005342102 -0.012318421 -0.010743714 -0.005419922 0.0057174684 0.002458191 0.011206055 0.0014328003 
1139 0.0017120362 0.0108123785 0.012409974 0.010025024 0.0 0.0 0.0 0.0 -0.0050765993 -0.012117005 -0.01036377 -0.005163574 0.0064132693 0.0026367188 0.011242676 0.0018356324 
1141 -7.965088E-4 0.008468628 0.010414124 0.008422852 0.0 0.0 0.0 0.0 -0.0044677737 -0.011457825 -0.009681702 -0.0044219973 0.006225586 0.0029342652 0.011723328 0.0022018433 
1143 5.722046E-4 0.009773254 0.011521912 0.009333801 0.0 0.0 0.0 0.0 -0.005593872 -0.01268921 -0.011027527 -0.005786133 0.0046691895 0.0014923096 0.01030426 8.4228517E-4 
1145 0.0010070801 0.010176087 0.011878967 0.009667969 0.0 0.0 0.0 0.0 -0.004023743 -0.010908509 -0.009072877 -0.003694153 0.00451355 0.0013687134 0.010308838 8.9263916E-4 
1147 4.852295E-4 0.009718323 0.011476136 0.009242249 0.0 0.0 0.0 0.0 -0.004930115 -0.0118606575 -0.010084534 -0.0049713138 0.0052917483 0.0020874024 0.010830688 9.7503664E-4 
1149 5.996704E-4 0.0098373415 0.011489868 0.009365845 0.0 0.0 0.0 0.0 -0.005090332 -0.012213135 -0.010501099 -0.0052734376 0.0046829223 0.0015426637 0.010414124 8.834839E-4 
1151 7.965088E-4 0.010006714 0.011705018 0.009466553 0.0 0.0 0.0 0.0 -0.0047927857 -0.011810303 -0.0101623535 -0.004815674 0.0073928833 0.004046631 0.0125106815 0.0026504516 
1153 8.1481936E-4 0.010002136 0.011915589 0.009741211 0.0 0.0 0.0 0.0 -0.0059692385 -0.013179016 -0.011576843 -0.006340027 0.0055435183 0.002380371 0.011077881 0.0015701294 
1155 -9.887696E-4 0.008413697 0.010372925 0.008477784 0.0 0.0 0.0 0.0 -0.0055252076 -0.012648011 -0.011087037 -0.005763245 0.0065734866 0.003291321 0.011920166 0.0023162842 
1157 6.1340333E-4 0.0097320555 0.01152649 0.009402466 0.0 0.0 0.0 0.0 -0.0039962768 -0.010899353 -0.008976745 -0.0036254884 0.0061981203 0.0028564453 0.011567689 0.0020095825 
1159 8.69751E-4 0.009988404 0.011723328 0.009365845 0.0 0.0 0.0 0.0 -0.0054794312 -0.0124374395 -0.010743714 -0.005612183 0.0048660277 0.001689148 0.010450745 9.429932E-4 
1161 3.2501222E-4 0.009535218 0.011270142 0.009091186 0.0 0.0 0.0 0.0 -0.0046325685 -0.011590577 -0.00986023 -0.0046325685 0.005355835 0.002041626 0.010729981 0.0011398316 
1163 5.218506E-4 0.009718323 0.011471557 0.009283448 0.0 0.0 0.0 0.0 -0.005419922 -0.012396241 -0.010816956 -0.0055618286 0.004293823 0.0011535644 0.009974671 5.4016116E-4 
1165 4.852295E-4 0.009791565 0.011521912 0.009274292 0.0 0.0 0.0 0.0 -0.0051361085 -0.01222229 -0.010510254 -0.0052734376 0.005245972 0.002041626 0.010629273 0.0010665894 
1167 0.0022750855 0.011265564 0.012625122 0.010047913 0.0 0.0 0.0 0.0 -0.004426575 -0.011343384 -0.009599305 -0.004220581 0.0067245485 0.0034378052 0.012098694 0.0024169923 
1169 -1.3275146E-4 0.009072877 0.011018372 0.009008789 0.0 0.0 0.0 0.0 -0.005749512 -0.012831116 -0.011247254 -0.0060928348 0.0057952884 0.0025360107 0.011251831 0.0017074585 
1171 4.7607423E-4 0.009768677 0.011553955 0.009352112 0.0 0.0 0.0 0.0 -0.0046920776 -0.011682129 -0.010043335 -0.004586792 0.0061294558 0.002998352 0.01162262 0.002069092 
1173 7.736206E-4 0.010020447 0.011691284 0.009498596 0.0 0.0 0.0 0.0 -0.0051864623 -0.012208558 -0.010523987 -0.005278015 0.0059188846 0.002833557 0.011457825 0.0018814087 
1175 6.9122313E-4 0.0098373415 0.01156311 0.0094390875 0.0 0.0 0.0 0.0 -0.004312134 -0.011251831 -0.009521484 -0.004101563 0.0051177978 0.0019821168 0.010729981 0.001185608 
1177 3.5705566E-4 0.009539795 0.011352539 0.009155273 0.0 0.0 0.0 0.0 -0.00476532 -0.011764526 -0.010093689 -0.0047058105 0.0060058595 0.0027832033 0.011407471 0.001890564 
1179 2.7923586E-4 0.009457397 0.0112106325 0.008990479 0.0 0.0 0.0 0.0 -0.005305481 -0.012355042 -0.010743714 -0.005456543 0.0052139284 0.0019454956 0.010578918 0.0010482789 
1181 0.002069092 0.0111053465 0.012615968 0.009979248 0.0 0.0 0.0 0.0 -0.0059463503 -0.013165284 -0.011558533 -0.006367493 0.004742432 0.001638794 0.010391235 8.9721684E-4 
1183 2.975464E-4 0.009539795 0.011297608 0.009219361 0.0 0.0 0.0 0.0 -0.0039916993 -0.0109588625 -0.009091186 -0.003657532 0.006115723 0.0028793334 0.0115448 0.0019180299 
1185 1.5563965E-4 0.009393311 0.011343384 0.009251404 0.0 0.0 0.0 0.0 -0.0058547975 -0.012986756 -0.011503601 -0.006230164 0.005671692 0.002371216 0.0111373905 0.0015289307 
1187 6.9122313E-4 0.009924317 0.011705018 0.009489441 0.0 0.0 0.0 0.0 -0.0048248293 -0.011732483 -0.010075378 -0.004737854 0.0058776857 0.0026458742 0.011384583 0.0018081665 
1189 5.3100585E-4 0.009832764 0.011576843 0.009347535 0.0 0.0 0.0 0.0 -0.00476532 -0.011805725 -0.010116577 -0.004852295 0.006239319 0.0029708864 0.011558533 0.0019866943 
1191 7.3699956E-4 0.009924317 0.011691284 0.009384155 0.0 0.0 0.0 0.0 -0.0054473877 -0.012542725 -0.010917664 -0.0055984496 0.0047058105 0.0015014649 0.010327148 8.7432866E-4 
1193 4.2114258E-4 0.009686279 0.011380005 0.00929718 0.0 0.0 0.0 0.0 -0.004527283 -0.011453248 -0.009736634 -0.0043212892 0.0065643312 0.003213501 0.011769105 0.002041626 
1195 1.5106202E-4 0.009402466 0.010981751 0.008711243 0.0 0.0 0.0 0.0 -0.0048294067 -0.01179657 -0.010107422 -0.004902649 0.0055755614 0.0023254396 0.010949708 0.0014465332 
1197 0.0018493653 0.010794068 0.0122818 0.010002136 0.0 0.0 0.0 0.0 -0.005218506 -0.012268066 -0.010569763 -0.0052505494 0.005278015 0.0020736696 0.010913086 0.0013092041 
1199 -2.1972657E-4 0.008926392 0.01086731 0.008816528 0.0 0.0 0.0 0.0 -0.0053878785 -0.012464905 -0.0108535765 -0.005593872 0.005749512 0.0025863647 0.01131134 0.0016983033 
1201 7.5531006E-4 0.009960937 0.01179657 0.009594726 0.0 0.0 0.0 0.0 -0.0050765993 -0.01212616 -0.010491944 -0.005218506 0.0056991577 0.0024398805 0.011270142 0.0016616822 
1203 0.0013183594 0.010533142 0.012213135 0.00987854 0.0 0.0 0.0 0.0 -0.0049713138 -0.011965943 -0.010240174 -0.004875183 0.005749512 0.0025405884 0.011270142 0.00158844 
1205 0.0012954712 0.010437012 0.012171936 0.009919739 0.0 0.0 0.0 0.0 -0.004197693 -0.011183167 -0.009429932 -0.004220581 0.006307984 0.0029022216 0.011663819 0.002041626 
1207 6.9122313E-4 0.00987854 0.011714173 0.009434509 0.0 0.0 0.0 0.0 -0.0060333256 -0.013279725 -0.011686707 -0.0065231323 0.004916382 0.0016937256 0.010455322 9.429932E-4 
1209 1.6479492E-4 0.009429932 0.011228943 0.008930969 0.0 0.0 0.0 0.0 -0.0044586184 -0.011407471 -0.009580994 -0.0042297365 0.0060928348 0.002911377 0.011549378 0.001940918 
1211 0.0015838624 0.010661316 0.012240601 0.009709167 0.0 0.0 0.0 0.0 -0.0049255374 -0.011906434 -0.010350036 -0.0050079348 0.005635071 0.0024536133 0.011155701 0.0015655519 
1213 -3.982544E-4 0.008839416 0.01071167 0.008615113 0.0 0.0 0.0 0.0 -0.005053711 -0.012103272 -0.010395813 -0.005154419 0.005419922 0.002192688 0.010903931 0.0014007569 
1215 8.69751E-5 0.009315491 0.011096192 0.008898926 0.0 0.0 0.0 0.0 -0.004975891 -0.011979676 -0.010327148 -0.005030823 0.00635376 0.003025818 0.011668396 0.0020828247 
1217 0.0010757446 0.010180664 0.0119018555 0.009768677 0.0 0.0 0.0 0.0 -0.0057769776 -0.012927246 -0.011206055 -0.0060333256 0.0045364383 0.0013687134 0.010203552 6.546021E-4 
1219 0.0018264771 0.010945129 0.012652588 0.010377503 0.0 0.0 0.0 0.0 -0.0049346923 -0.01203003 -0.010258484 -0.0050354004 0.0066741947 0.0032684328 0.011911011 0.0022659302 
1221 0.0018173219 0.01086731 0.012625122 0.010418701 0.0 0.0 0.0 0.0 -0.0044403076 -0.01137085 -0.009613037 -0.004353333 0.005786133 0.0025131225 0.011247254 0.0016662598 
1223 -8.331299E-4 0.008647156 0.010748291 0.008985901 0.0 0.0 0.0 0.0 -0.0057312013 -0.012821961 -0.011169434 -0.005900574 0.0055984496 0.0023483278 0.011114502 0.001524353 
1225 0.0011352539 0.010281372 0.011846924 0.009448242 0.0 0.0 0.0 0.0 -0.004650879 -0.011631775 -0.009892273 -0.004650879 0.0058776857 0.0026504516 0.011384583 0.001789856 
1227 -5.813599E-4 0.008638001 0.010469056 0.008358764 0.0 0.0 0.0 0.0 -0.005245972 -0.0123641975 -0.010670471 -0.0053878785 0.005506897 0.0022613525 0.010972596 0.0015014649 
1229 -7.8735355E-4 0.008546448 0.010253906 0.008061218 0.0 0.0 0.0 0.0 -0.004838562 -0.01177826 -0.010116577 -0.0047698976 0.0057403566 0.0025314332 0.011228943 0.0015975953 
1231 1.05285646E-4 0.009191895 0.011000061 0.008898926 0.0 0.0 0.0 0.0 -0.0046829223 -0.011732483 -0.009988404 -0.0046920776 0.006111145 0.002861023 0.011494446 0.0019454956 
1233 0.00184021 0.010922241 0.01253357 0.0100891115 0.0 0.0 0.0 0.0 -0.00493927 -0.012043763 -0.010418701 -0.00519104 0.0046829223 0.0013961792 0.010276794 7.736206E-4 
1235 0.0022338869 0.011279297 0.012963868 0.010601806 0.0 0.0 0.0 0.0 -0.005534363 -0.012593079 -0.0109588625 -0.005593872 0.0059463503 0.002709961 0.011439514 0.0018814087 
1237 3.982544E-4 0.009654236 0.011709595 0.009741211 0.0 0.0 0.0 0.0 -0.004508972 -0.01156311 -0.009841919 -0.004486084 0.0056396485 0.0023620606 0.011183167 0.001538086 
1239 0.0017486573 0.010890198 0.012419129 0.009906006 0.0 0.0 0.0 0.0 -0.004760742 -0.011856079 -0.010148621 -0.004852295 0.0055023194 0.002320862 0.011091614 0.0014785767 
1241 -1.3275146E-4 0.009132385 0.011009216 0.0087890625 0.0 0.0 0.0 0.0 -0.0048248293 -0.011878967 -0.010098266 -0.0048431396 0.006427002 0.0031036378 0.01177826 0.0021514893 
1243 -2.9296876E-4 0.008953857 0.010679627 0.008432007 0.0 0.0 0.0 0.0 -0.0053649903 -0.012483216 -0.010743714 -0.005511475 0.0043945312 0.001171875 0.009974671 5.4016116E-4 
1245 -6.042481E-4 0.008688355 0.0106338505 0.008587646 0.0 0.0 0.0 0.0 -0.005744934 -0.012762452 -0.0112106325 -0.0059555057 0.0062210085 0.0028930665 0.011572266 0.001991272 
1247 0.0014785767 0.010510254 0.0119338995 0.0095123295 0.0 0.0 0.0 0.0 -0.0037628175 -0.010734558 -0.008917237 -0.0034378052 0.0062805177 0.0029434205 0.011517334 0.001954651 
1248 0.0014007569 0.010386658 0.0120803835 0.010098266 0.0 0.0 0.0 0.0 -0.0060058595 -0.01313324 -0.011604309 -0.0063766483 0.005319214 0.00209198 0.010835267 0.0013458253 
1250 0.0024765015 0.011412049 0.012863159 0.010400391 0.0 0.0 0.0 0.0 -0.0046096803 -0.011585998 -0.009777832 -0.004486084 0.005644226 0.002444458 0.0111373905 0.0015518189 
1252 -5.9051515E-4 0.0087158205 0.010926819 0.008921814 0.0 0.0 0.0 0.0 -0.005053711 -0.012144471 -0.010542298 -0.0051498413 0.005882263 0.0025772096 0.011288452 0.0017349244 
1254 2.2430421E-4 0.009997559 0.012327576 0.009924317 0.0 0.0 0.0 0.0 -0.005030823 -0.011979676 -0.01036377 -0.005090332 0.004916382 0.0017349244 0.01061554 9.887696E-4 
1256 0.002572632 0.012057495 0.013110352 0.010125733 0.0 0.0 0.0 0.0 -0.0041519166 -0.011036682 -0.00927887 -0.0038772584 0.006719971 0.003405762 0.012002564 0.0023071289 
1258 1.5106202E-4 0.00920105 0.010441589 0.008312988 0.0 0.0 0.0 0.0 -0.0044403076 -0.011393738 -0.009777832 -0.004490662 0.004801941 0.0016616822 0.010432434 8.1024173E-4 
1259 0.0010940552 0.010180664 0.01152649 0.008953857 0.0 0.0 0.0 0.0 -0.006619263 -0.013851929 -0.012236023 -0.0071502686 0.0058044433 0.0026000978 0.011393738 0.0016296387 
1261 0.0010574341 0.0098373415 0.011256409 0.009173584 0.0 0.0 0.0 0.0 -0.0040557864 -0.010986328 -0.009141541 -0.0037719728 0.005749512 0.002545166 0.011242676 0.0016616822 
1263 0.001185608 0.009892273 0.011732483 0.009640503 0.0 0.0 0.0 0.0 -0.0050811768 -0.012135316 -0.010487366 -0.0051223757 0.0054611205 0.0022476197 0.01102295 0.0014419556 
1265 -0.002206421 0.0070312503 0.009722901 0.008409119 0.0 0.0 0.0 0.0 -0.0050079348 -0.012016296 -0.010432434 -0.0050216676 0.006481934 0.0032043457 0.011856079 0.0022201538 
1267 0.0013687134 0.010624695 0.012570191 0.009869385 0.0 0.0 0.0 0.0 -0.0049072267 -0.011997987 -0.0102355955 -0.0049072267 0.004751587 0.0014785767 0.010313416 8.056641E-4 
1269 6.958008E-4 0.010116577 0.012327576 0.009809876 0.0 0.0 0.0 0.0 -0.0055892947 -0.012734986 -0.011109925 -0.0057724 0.005534363 0.0022293092 0.010977173 0.0014556885 
1271 8.056641E-4 0.010253906 0.012419129 0.010107422 0.0 0.0 0.0 0.0 -0.004353333 -0.011146545 -0.009338379 -0.004019165 0.0065460205 0.003250122 0.011865235 0.002156067 
1272 5.6304934E-4 0.009832764 0.011737061 0.00945282 0.0 0.0 0.0 0.0 -0.0056579593 -0.012744141 -0.0111373905 -0.0058273314 0.0054473877 0.0022338869 0.010871887 0.001437378 
1274 7.3699956E-4 0.010047913 0.011686707 0.009457397 0.0 0.0 0.0 0.0 -0.0045043947 -0.011517334 -0.009869385 -0.0044219973 0.005635071 0.0023941041 0.011114502 0.0015472412 
1276 0.0013137817 0.010473633 0.012098694 0.009663391 0.0 0.0 0.0 0.0 -0.005296326 -0.012469483 -0.010830688 -0.005506897 0.006015015 0.0027145387 0.011412049 0.0017303467 
1278 -2.609253E-4 0.009091186 0.0111053465 0.009237671 0.0 0.0 0.0 0.0 -0.005296326 -0.012345887 -0.010734558 -0.0053649903 0.0046691895 0.0014328003 0.010281372 6.866455E-4 
1280 4.5776367E-4 0.009745789 0.011439514 0.009150696 0.0 0.0 0.0 0.0 -0.004376221 -0.011380005 -0.009663391 -0.0042022704 0.006445313 0.00317688 0.011750794 0.002128601 
1282 0.0012496948 0.010404969 0.012011719 0.009677124 0.0 0.0 0.0 0.0 -0.0047698976 -0.011723328 -0.010075378 -0.0047561647 0.00526886 0.0019683838 0.010725403 0.0011672974 
1284 7.965088E-4 0.009887695 0.011549378 0.009352112 0.0 0.0 0.0 0.0 -0.0056030275 -0.012776185 -0.011082458 -0.005863953 0.005397034 0.0021469116 0.010565186 9.2468265E-4 
1285 5.0811766E-4 0.009768677 0.01146698 0.009338379 0.0 0.0 0.0 0.0 -0.0048339847 -0.011842347 -0.010180664 -0.0048248293 0.0051956177 0.0017669678 0.010418701 7.5073243E-4 
1287 4.0283205E-4 0.009759522 0.011503601 0.00929718 0.0 0.0 0.0 0.0 -0.0049255374 -0.011920166 -0.010295105 -0.0049713138 0.00552063 0.0023483278 0.011174011 0.0014648438 
1289 0.0011947632 0.010313416 0.011897278 0.00954895 0.0 0.0 0.0 0.0 -0.0048339847 -0.0118606575 -0.010038758 -0.004801941 0.006930542 0.0038131715 0.012547303 0.0028427124 
1291 -7.095337E-4 0.008638001 0.010725403 0.008825684 0.0 0.0 0.0 0.0 -0.005181885 -0.012263489 -0.010624695 -0.005342102 0.0059097293 0.0027648925 0.011448669 0.001890564 
